3 2 1 
1 4 5 2 3 
9 5 8 6 4 7 2 3 10 1 
5 8 6 13 2 9 12 11 10 1 14 15 4 7 3 
3 18 14 17 8 16 19 12 4 7 2 20 6 9 1 10 11 15 13 5 
3 25 22 9 15 10 1 7 24 19 16 21 11 20 2 6 23 18 8 14 17 5 4 13 12 
15 25 4 1 3 21 2 13 28 17 9 22 10 8 29 24 7 27 23 5 12 18 20 26 19 30 11 14 6 16 
18 23 10 14 17 35 16 4 1 30 6 5 28 27 2 34 21 12 20 33 32 24 19 9 29 7 13 22 8 26 31 25 15 3 11 
5 31 18 23 15 40 22 12 39 11 6 8 25 28 20 10 33 21 9 4 3 7 19 35 1 27 36 38 30 13 2 16 32 24 26 37 34 17 14 29 
18 43 21 28 40 7 30 34 16 17 33 32 38 11 39 22 35 36 19 41 27 8 29 5 9 14 26 24 23 10 45 3 6 44 13 20 37 42 2 25 4 1 31 15 12 
49 13 33 19 38 24 37 25 3 11 27 36 48 10 35 18 17 47 7 20 41 21 44 32 23 5 1 14 4 45 43 42 12 50 6 31 22 2 34 40 46 26 15 8 29 30 39 9 16 28 
11 41 38 48 32 55 7 52 47 4 13 20 10 45 22 49 6 2 27 9 50 31 46 44 17 43 3 18 28 12 33 15 54 29 21 35 16 1 36 42 19 5 51 24 8 53 26 39 34 23 30 40 37 25 14 
5 57 25 33 55 39 21 52 3 27 42 38 58 24 13 7 45 31 29 2 53 44 32 28 43 15 19 11 22 26 50 56 34 48 8 59 35 37 40 47 46 16 17 49 23 60 4 10 12 36 54 6 14 30 51 1 20 9 41 18 
57 64 55 3 10 60 33 32 58 12 21 59 53 61 17 7 18 16 62 36 1 51 49 34 15 43 65 30 11 4 56 41 22 52 14 63 39 38 2 8 46 25 23 54 5 28 9 31 26 24 35 44 42 19 27 37 6 48 50 13 47 40 20 29 45 
39 40 66 4 31 15 43 57 8 45 64 3 18 22 52 41 5 33 68 25 63 20 54 62 55 51 16 49 50 17 30 6 28 37 48 58 29 1 24 23 65 9 69 53 13 34 12 36 21 26 61 56 7 14 70 44 11 19 2 42 27 38 35 67 32 46 60 10 59 47 
75 72 24 46 54 45 27 17 67 58 57 51 14 65 40 70 52 9 48 43 2 6 13 56 1 47 63 10 36 25 31 22 62 34 3 16 42 32 5 35 71 23 29 4 11 20 44 61 50 74 59 15 39 21 28 73 8 12 7 18 68 49 66 19 33 60 38 26 69 55 30 53 37 64 41 
60 69 55 66 13 63 14 78 33 74 80 75 4 27 18 49 36 3 71 32 20 17 76 31 29 34 51 53 65 10 6 54 22 19 59 67 5 79 1 21 50 62 15 8 45 52 57 11 9 77 30 7 16 58 23 40 26 48 24 35 41 38 44 68 72 42 39 64 61 73 28 12 25 70 56 2 37 46 47 43 
49 54 30 39 44 65 35 73 42 14 64 29 56 72 33 7 85 57 43 52 38 83 60 46 47 82 62 24 27 79 10 15 55 71 6 41 78 2 21 61 77 5 26 11 59 81 13 48 3 58 84 69 68 40 12 53 63 28 76 22 31 74 51 67 66 34 36 18 80 50 16 37 32 17 4 1 9 75 23 25 19 70 20 45 8 
24 59 63 40 64 83 43 21 31 65 87 19 13 51 9 72 45 84 41 47 6 12 86 58 48 37 53 49 29 70 3 34 11 25 78 10 5 14 57 38 73 74 42 67 46 55 89 81 1 28 82 15 68 61 69 85 27 8 88 77 17 80 4 54 62 33 76 16 36 35 79 44 23 39 71 90 2 66 18 60 52 7 56 32 22 50 26 30 20 75 
40 27 60 9 2 13 49 17 94 65 55 7 51 53 86 67 4 10 46 71 75 35 16 42 32 63 81 85 58 24 82 33 74 61 83 73 79 64 76 15 41 80 38 12 43 97 34 3 93 100 8 96 77 98 87 39 14 50 22 29 36 56 45 44 95 6 5 78 25 59 1 21 92 52 99 69 62 31 28 18 19 88 20 47 90 91 26 48 57 68 84 72 70 54 66 23 37 11 30 89 
